    a = [[[6.3428, 6173.2512],
      [6.3424, 6173.2513],
      [6.342, 6173.2515],
      [6.3415, 6173.2516],
      [6.341, 6173.252],
      [6.3404, 6173.2522],
      [6.3397, 6173.2527],
      [6.339, 6173.2532],
      [6.3382, 6173.254],
      [6.3376, 6173.2552],
      [6.3369, 6173.2566],
      [6.3363, 6173.2584],
      [6.3359, 6173.2604],
      [6.3355, 6173.2626],
      [6.3352, 6173.265],
      [6.335, 6173.2675],
      [6.3347, 6173.2701],
      [6.3348, 6173.2729],
      [6.3348, 6173.2758],
      [6.3352, 6173.2818],
      [6.3352, 6173.2878],
      [6.3353, 6173.2908],
      [6.3352, 6173.2939],
      [6.335, 6173.297],
      [6.3349, 6173.3],
      [6.3348, 6173.3031],
      [6.3347, 6173.3062],
      [6.3348, 6173.3094],
      [6.3349, 6173.3126],
      [6.335, 6173.3156],
      [6.3351, 6173.3196],
      [6.3352, 6173.3227],
      [6.3352, 6173.3258],
      [6.3353, 6173.3289],
      [6.3353, 6173.33],
      [6.3492, 6173.33],
      [6.3492, 6173.3286],
      [6.3493, 6173.3255],
      [6.3493, 6173.3225],
      [6.3494, 6173.3194],
      [6.3494, 6173.3164],
      [6.3495, 6173.3126],
      [6.3496, 6173.3096],
      [6.3497, 6173.3065],
      [6.3498, 6173.3034],
      [6.3498, 6173.3004],
      [6.35, 6173.2973],
      [6.3502, 6173.2942],
      [6.3504, 6173.2911],
      [6.3508, 6173.288],
      [6.3511, 6173.2849],
      [6.3513, 6173.2818],
      [6.3515, 6173.2787],
      [6.3516, 6173.2758],
      [6.3516, 6173.2729],
      [6.3515, 6173.2701],
      [6.3512, 6173.2677],
      [6.3509, 6173.2653],
      [6.3505, 6173.2631],
      [6.35, 6173.261],
      [6.3496, 6173.2591],
      [6.3491, 6173.2573],
      [6.3486, 6173.2557],
      [6.3479, 6173.2545],
      [6.3474, 6173.2534],
      [6.3467, 6173.2527],
      [6.346, 6173.2522],
      [6.3455, 6173.2519],
      [6.3449, 6173.2515],
      [6.3445, 6173.2514],
      [6.344, 6173.2513],
      [6.3436, 6173.2512]],
     [[6.5411, 6173.2843],
      [6.5402, 6173.2845],
      [6.5394, 6173.2849],
      [6.5386, 6173.2855],
      [6.5378, 6173.2861],
      [6.537, 6173.2871],
      [6.5362, 6173.2882],
      [6.5355, 6173.2897],
      [6.5348, 6173.2917],
      [6.5343, 6173.2941],
      [6.5339, 6173.2965],
      [6.5336, 6173.2991],
      [6.5333, 6173.3017],
      [6.5332, 6173.3044],
      [6.5331, 6173.3073],
      [6.533, 6173.3101],
      [6.533, 6173.313],
      [6.5332, 6173.3162],
      [6.5333, 6173.3191],
      [6.5333, 6173.3219],
      [6.5335, 6173.3246],
      [6.5336, 6173.3274],
      [6.5337, 6173.33],
      [6.5477, 6173.33],
      [6.5478, 6173.3279],
      [6.5479, 6173.325],
      [6.5479, 6173.3162],
      [6.548, 6173.313],
      [6.548, 6173.31],
      [6.5481, 6173.3071],
      [6.5479, 6173.3041],
      [6.5479, 6173.3013],
      [6.5478, 6173.2984],
      [6.5476, 6173.2956],
      [6.5473, 6173.293],
      [6.5466, 6173.2904],
      [6.5458, 6173.2884],
      [6.5449, 6173.2868],
      [6.544, 6173.2857],
      [6.543, 6173.2849],
      [6.542, 6173.2845]]]
